0909090909090909090909090909090909090909
0909090909090909090909090909090909090909
0909090909090909090909090909090909090909
0909090909090909090909090909090909090909
0909095751515151515151515151515156090909
0909095702020202020202020202020256090909
0909095702020202020202020202020256090909
0909095702020202020202020202020256090909
0909095702020202020202020202020256090909
0909095702020202020202020202020256090909
0909095702020202020202020202020256090909
0909095702020202020202020202020256090909
0909095702020202020202020202020256090909
0909090909090909090909090909090909090909
0909090909090909090909090909090909090909
0909090909090909090909090909090909090909
0909090909090909090909090909090909090909
0909090909090909090909090909090909090909
0909090909090909090909090909090909090909
0909090909090909090909090909090909090909
@oven+143+118+kitchen_stuff+186+121+kitchen_cabinet+228+119+table_hut+177+179+box+391+150+box+435+148+box+412+134+box+408+161+box+450+160+