0909090909090909090909090909090909090909
0909090909090909090909090909090909090909
0909090909090909090909090909090909090909
0909095751515151515151515151515156090909
0909095702020202020202020202020256090909
0909095702020202020202020202020256090909
09090957020202020202020A0A0A0A0A56090909
090909570A0A0A0A0A0202020202020256090909
09090957020202020202020A0A0A0A0A56090909
090909570A0A0A0A020202020202020256090909
0909095702020202020202020202020256090909
090909570A0A0A0A0A0A0A0A0A0A0A0A56090909
0909090909090909090909090909090909090909
0909090909090909090909090909090909090909
0909090909090909090909090909090909090909
0909090909090909090909090909090909090909
0909090909090909090909090909090909090909
0909090909090909090909090909090909090909
0909090909090909090909090909090909090909
0909090909090909090909090909090909090909
@stairs_down_right+474+235+