30+30!
090909090909090909090909090909090909090909090909090909090909
090909090909090909090909090909090909090909090909090909090909
090909090909090909090909090909090909090909090909090909090909
090909090909090909090909090909090909090909090909090909090909
090909090909090909090909090909090909090909090909090909090909
090909090909090909090909090909090909090909090909090909090909
090909090909090909090909090909090909090909090909090909090909
090909090909090303030303030303030303030303030309090909090909
090909090909090303030303030303030303030303030309090909090909
090909090909090303030303030303030303030303030309090909090909
090909090909090303030303030303030303030303030309090909090909
090909090909090303030303030303030303030303030309090909090909
090909090909090303030303030303030303030303030309090909090909
090909090909090303030303030303030303030303030309090909090909
090909090909090303030303030303030303030303030309090909090909
090909090909090303030303030303030303030303030309090909090909
090909090909090303030303030303030303030303030309090909090909
090909090909090303030303030303030303030303030309090909090909
090909090909090303030303030303030303030303030309090909090909
090909090909090909090909090909090909090909090909090909090909
090909090909090909090909090909090909090909090909090909090909
090909090909090909090909090909090909090909090909090909090909
090909090909090909090909090909090909090909090909090909090909
090909090909090909090909090909090909090909090909090909090909
090909090909090909090909090909090909090909090909090909090909
090909090909090909090909090909090909090909090909090909090909
090909090909090909090909090909090909090909090909090909090909
090909090909090909090909090909090909090909090909090909090909
090909090909090909090909090909090909090909090909090909090909
090909090909090909090909090909090909090909090909090909090909
@