127+127!
09090909090909090909090909090909090909090909090909090909090909090909090909090909090909090909090909090909090909090909090909090909090909090909090909090909090909090909090909090909090909090909090909090909090909090909090909090909090909090909090909090909090909
09090909090909090909090909090909090909090909090909090909090909090909090909090909090909090909090909090909090909090909090909090909090909090909090909090909090909090909090909090909090909090909090909090909090909090909090909090909090909090909090909090909090909
09090909090909090909090909090909090909090909090909090909090909090909090909090909090909090909090909090909090909090909090909090909090909090909090909090909090909090909090909090909090909090909090909090909090909090909090909090909090909090909090909090909090909
09090909090909090909090909090909090909090909090909090909090909090909090909090909090909090909090909090909090909090909090909090909090909090909090909090909090909090909090909090909090909090909090909090909090909090909090909090909090909090909090909090909090909
09090909090909090909090909090909090909090909090909090909090909090909090909090909090909090909090909090909090909090909090909090909090909090909090909090909090909090909090909090909090909090909090909090909090909090909090909090909090909090909090909090909090909
09090909090909606060606060606060606060606060606060606060606060606060606060606060606060606060606060606060606060606060606060606060090909090909090909090909090909090909090909090909090909090909090909090909090909090909090909090909090909090909090909090909090909
09090909090909606060606060606060606060606060606060606060606060606060606060606060606060606060606060606060606060606060606060606060090909090909090909090909090909090909090909090909090909090909090909090909090909090909090909090909090909090909090909090909090909
09090909090909606060606060606060606060606060606060606060606060606060606060606060606060606060606060606060606060606060606060606060090909090909090909090909090909090909090909090909090909090909090909090909090909090909090909090909090909090909090909090909090909
09090909090909606060606060606060606060606060606060606060606060606060606060606060606060606060606060606060606060606060606060606060090909090909090909090909090909090909090909090909090909090909090909090909090909090909090909090909090909090909090909090909090909
09090909090909606060606060606060606060606060606060606060606060606060606060606060606060606060606060606060606060606060606060606060090909090909090909090909090909090909090909090909090909090909090909090909090909090909090909090909090909090909090909090909090909
09090909090909606060606060606060606060606060606060606060606060606060606060606060606060606060606060606060606060606060606060606060090909090909090909090909090909090909090909090909090909090909090909090909090909090909090909090909090909090909090909090909090909
09090909090909606060606060606060606060606060606060606060606060606060606060606060606060606060606060606060606060606060606060606060090909090909090909090909090909090909090909090909090909090909090909090909090909090909090909090909090909090909090909090909090909
09090909090909606060606060606060606060606060606060606060606060606060606060606060606060606060606060606060606060606060606060606060090909090909090909090909090909090909090909090909090909090909090909090909090909090909090909090909090909090909090909090909090909
09090909090909606060606060606060606060606060606060606060606060606060606060606060606060606060606060606060606060606060606060606060090909090909090909090909090909090909090909090909090909090909090909090909090909090909090909090909090909090909090909090909090909
09090909090909606060606060606060606060606060606060606060606060606060606060606060606060606060606060606060606060606060606060606060090909090909090909090909090909090909090909090909090909090909090909090909090909090909090909090909090909090909090909090909090909
09090909090909606060606060606060606060606060606060606060606060606060606060606060606060606060606060606060606060606060606060606060090909090909090909090909090909090909090909090909090909090909090909090909090909090909090909090909090909090909090909090909090909
09090909090909606060606060606060606060606060606060606060606060606060606060606060606060606060606060606060606060606060606060606060090909090909090909090909090909090909090909090909090909090909090909090909090909090909090909090909090909090909090909090909090909
09090909090909606060606060606060606060606060606060606060606060606060606060606060606060606060606060606060606060606060606060606060090909090909090909090909090909090909090909090909090909090909090909090909090909090909090909090909090909090909090909090909090909
09090909090909606060606060606060606060606060606060606060606060606060606060606060606060606060606060606060606060606060606060606060090909090909090909090909090909090909090909090909090909090909090909090909090909090909090909090909090909090909090909090909090909
09090909090909606060606060606060606060606060606060606060606060606060606060606060606060606060606060606060606060606060606060606060090909090909090909090909090909090909090909090909090909090909090909090909090909090909090909090909090909090909090909090909090909
09090909090909606060606060606060606060606060606060606060606060606060606060606060606060606060606060606060606060606060606060606060090909090909090909090909090909090909090909090909090909090909090909090909090909090909090909090909090909090909090909090909090909
09090909090909606060606060606060606060606060606060606060606060606060606060606060606060606060606060606060606060606060606060606060090909090909090909090909090909090909090909090909090909090909090909090909090909090909090909090909090909090909090909090909090909
09090909090909606060606060606060606060606060606060606060606060606060606060606060606060606060606060606060606060606060606060606060090909090909090909090909090909090909090909090909090909090909090909090909090909090909090909090909090909090909090909090909090909
09090909090909606060606060606060606060606060606060606060606060606060606060606060606060606060606060606060606060606060606060606060090909090909090909090909090909090909090909090909090909090909090909090909090909090909090909090909090909090909090909090909090909
09090909090909606060606060606060606060606060606060606060606060606060606060606060606060606060606060606060606060606060606060606060090909090909090909090909090909090909090909090909090909090909090909090909090909090909090909090909090909090909090909090909090909
09090909090909606060606060606060606060606060606060606060606060606060606060606060606060606060606060606060606060606060606060606060090909090909090909090909090909090909090909090909090909090909090909090909090909090909090909090909090909090909090909090909090909
09090909090909606060606060606060606060606060606060606060606060606060606060606060606060606060606060606060606060606060606060606060090909090909090909090909090909090909090909090909090909090909090909090909090909090909090909090909090909090909090909090909090909
09090909090909606060606060606060606060606060606060606060606060606060606060606060606060606060606060606060606060606060606060606060090909090909090909090909090909090909090909090909090909090909090909090909090909090909090909090909090909090909090909090909090909
09090909090909606060606060606060606060606060606060606060606060606060606060606060606060606060606060606060606060606060606060606060090909090909090909090909090909090909090909090909090909090909090909090909090909090909090909090909090909090909090909090909090909
09090909090909606060606060606060606060606060606060606060606060606060606060606060606060606060606060606060606060606060606060606060090909090909090909090909090909090909090909090909090909090909090909090909090909090909090909090909090909090909090909090909090909
09090909090909606060606060606060606060606060606060606060606060606060606060606060606060606060606060606060606060606060606060606060090909090909090909090909090909090909090909090909090909090909090909090909090909090909090909090909090909090909090909090909090909
09090909090909606060606060606060606060606060606060606060606060606060606060606060606060606060606060606060606060606060606060606060090909090909090909090909090909090909090909090909090909090909090909090909090909090909090909090909090909090909090909090909090909
09090909090909606060606060606060606060606060606060606060606060606060606060606060606060606060606060606060606060606060606060606060090909090909090909090909090909090909090909090909090909090909090909090909090909090909090909090909090909090909090909090909090909
09090909090909606060606060606060606060606060606060606060606060606060606060606060606060606060606060606060606060606060606060606060090909090909090909090909090909090909090909090909090909090909090909090909090909090909090909090909090909090909090909090909090909
09090909090909606060606060606060606060606060606060606060606060606060606060606060606060606060606060606060606060606060606060606060090909090909090909090909090909090909090909090909090909090909090909090909090909090909090909090909090909090909090909090909090909
09090909090909606060606060606060606060606060606060606060606060606060606060606060606060606060606060606060606060606060606060606060090909090909090909090909090909090909090909090909090909090909090909090909090909090909090909090909090909090909090909090909090909
09090909090909606060606060606060606060606060606060606060606060606060606060606060606060606060606060606060606060606060606060606060090909090909090909090909090909090909090909090909090909090909090909090909090909090909090909090909090909090909090909090909090909
09090909090909606060606060606060606060606060606060606060606060606060606060606060606060606060606060606060606060606060606060606060090909090909090909090909090909090909090909090909090909090909090909090909090909090909090909090909090909090909090909090909090909
09090909090909606060606060606060606060606060606060606060606060606060606060606060606060606060606060606060606060606060606060606060090909090909090909090909090909090909090909090909090909090909090909090909090909090909090909090909090909090909090909090909090909
09090909090909606060606060606060606060606060606060606060606060606060606060606060606060606060606060606060606060606060606060606060090909090909090909090909090909090909090909090909090909090909090909090909090909090909090909090909090909090909090909090909090909
09090909090909606060606060606060606060606060606060606060606060606060606060606060606060606060606060606060606060606060606060606060090909090909090909090909090909090909090909090909090909090909090909090909090909090909090909090909090909090909090909090909090909
09090909090909606060606060606060606060606060606060606060606060606060606060606060606060606060606060606060606060606060606060606060090909090909090909090909090909090909090909090909090909090909090909090909090909090909090909090909090909090909090909090909090909
09090909090909606060606060606060606060606060606060606060606060606060606060606060606060606060606060606060606060606060606060606060090909090909090909090909090909090909090909090909090909090909090909090909090909090909090909090909090909090909090909090909090909
09090909090909606060606060606060606060606060606060606060606060606060606060606060606060606060606060606060606060606060606060606060090909090909090909090909090909090909090909090909090909090909090909090909090909090909090909090909090909090909090909090909090909
09090909090909606060606060606060606060606060606060606060606060606060606060606060606060606060606060606060606060606060606060606060090909090909090909090909090909090909090909090909090909090909090909090909090909090909090909090909090909090909090909090909090909
09090909090909606060606060606060606060606060606060606060606060606060606060606060606060606060606060606060606060606060606060606060090909090909090909090909090909090909090909090909090909090909090909090909090909090909090909090909090909090909090909090909090909
09090909090909606060606060606060606060606060606060606060606060606060606060606060606060606060606060606060606060606060606060606060090909090909090909090909090909090909090909090909090909090909090909090909090909090909090909090909090909090909090909090909090909
09090909090909606060606060606060606060606060606060606060606060606060606060606060606060606060606060606060606060606060606060606060090909090909090909090909090909090909090909090909090909090909090909090909090909090909090909090909090909090909090909090909090909
09090909090909606060606060606060606060606060606060606060606060606060606060606060606060606060606060606060606060606060606060606060090909090909090909090909090909090909090909090909090909090909090909090909090909090909090909090909090909090909090909090909090909
09090909090909606060606060606060606060606060606060606060606060606060606060606060606060606060606060606060606060606060606060606060090909090909090909090909090909090909090909090909090909090909090909090909090909090909090909090909090909090909090909090909090909
09090909090909606060606060606060606060606060606060606060606060606060606060606060606060606060606060606060606060606060606060606060090909090909090909090909090909090909090909090909090909090909090909090909090909090909090909090909090909090909090909090909090909
09090909090909606060606060606060606060606060606060606060606060606060606060606060606060606060606060606060606060606060606060606060090909090909090909090909090909090909090909090909090909090909090909090909090909090909090909090909090909090909090909090909090909
09090909090909606060606060606060606060606060606060606060606060606060606060606060606060606060606060606060606060606060606060606060090909090909090909090909090909090909090909090909090909090909090909090909090909090909090909090909090909090909090909090909090909
09090909090909606060606060606060606060606060606060606060606060606060606060606060606060606060606060606060606060606060606060606060090909090909090909090909090909090909090909090909090909090909090909090909090909090909090909090909090909090909090909090909090909
09090909090909606060606060606060606060606060606060606060606060606060606060606060606060606060606060606060606060606060606060606060090909090909090909090909090909090909090909090909090909090909090909090909090909090909090909090909090909090909090909090909090909
09090909090909606060606060606060606060606060606060606060606060606060606060606060606060606060606060606060606060606060606060606060090909090909090909090909090909090909090909090909090909090909090909090909090909090909090909090909090909090909090909090909090909
09090909090909606060606060606060606060606060606060606060606060606060606060606060606060606060606060606060606060606060606060606060090909090909090909090909090909090909090909090909090909090909090909090909090909090909090909090909090909090909090909090909090909
09090909090909606060606060606060606060606060606060606060606060606060606060606060606060606060606060606060606060606060606060606060090909090909090909090909090909090909090909090909090909090909090909090909090909090909090909090909090909090909090909090909090909
09090909090909606060606060606060606060606060606060606060606060606060606060606060606060606060606060606060606060606060606060606060090909090909090909090909090909090909090909090909090909090909090909090909090909090909090909090909090909090909090909090909090909
09090909090909606060606060606060606060606060606060606060606060606060606060606060606060606060606060606060606060606060606060606060090909090909090909090909090909090909090909090909090909090909090909090909090909090909090909090909090909090909090909090909090909
09090909090909606060606060606060606060606060606060606060606060606060606060606060606060606060606060606060606060606060606060606060090909090909090909090909090909090909090909090909090909090909090909090909090909090909090909090909090909090909090909090909090909
09090909090909090909090909090909090909090909090909090909090909090909090909606060606060606009090909090909090909090909090909090909090909090909090909090909090909090909090909090909090909090909090909090909090909090909090909090909090909090909090909090909090909
09090909090909090909090909090909090909090909090909090909090909090909090909606060606060606009090909090909090909090909090909090909090909090909090909090909090909090909090909090909090909090909090909090909090909090909090909090909090909090909090909090909090909
09090909090909090909090909090909090909090909090909090909090909090909090909606060606060606009090909090909090909090909090909090909090909090909090909090909090909090909090909090909090909090909090909090909090909090909090909090909090909090909090909090909090909
09090909090909090909090909090909090909090909090909090909090909090909090909606060606060606009090909090909090909090909090909090909090909090909090909090909090909090909090909090909090909090909090909090909090909090909090909090909090909090909090909090909090909
09090909090909090909090909090909090909090909090909090909090909090909090909606060606060606009090909090909090909090909090909090909090909090909090909090909090909090909090909090909090909090909090909090909090909090909090909090909090909090909090909090909090909
09090909090909090909090909090909090909096060606060606060606060606060090909606060606060606009090909090909090909090909090909090909090909090909090909090909090909090909090909090909090909090909090909090909090909090909090909090909090909090909090909090909090909
09090909090909090909090909090909090909096060606060606060606060606060090909606060606060606009090909090909090909090909090909090909090909090909090909090909090909090909090909090909090909090909090909090909090909090909090909090909090909090909090909090909090909
09090909090909090909090909090909090909096060606060606060606060606060090909606060606060606009090909090909090909090909090909090909090909090909090909090909090909090909090909090909090909090909090909090909090909090909090909090909090909090909090909090909090909
09090909090909090909090909090909090909096060606060606060606060606060090909606060606060606009090909090909090909090909090909090909090909090909090909090909090909090909090909090909090909090909090909090909090909090909090909090909090909090909090909090909090909
09090909090909090909090909090909090909096060606060606060606060606060090909606060606060606009090909090909090909090909090909090909090909090909090909090909090909090909090909090909090909090909090909090909090909090909090909090909090909090909090909090909090909
09090909090909090909090909090909090909096060606060606060606060606060606060606060606060606009090909090909090909090909090909090909090909090909090909090909090909090909090909090909090909090909090909090909090909090909090909090909090909090909090909090909090909
09090909090909090909090909090909090909096060606060606060606060606060606060606060606060606009090909606060606060606060606009090909090909090909090909090909090909090909090909090909090909090909090909090909090909090909090909090909090909090909090909090909090909
09090909090909090909090909090909090909096060606060606060606060606060090909606060606060606009090909606060606060606060606009090909090909090909090909090909090909090909090909090909090909090909090909090909090909090909090909090909090909090909090909090909090909
09090909090909090909090909090909090909096060606060606060606060606060090909606060606060606009090909606060606060606060606009090909090909090909090909090909090909090909090909090909090909090909090909090909090909090909090909090909090909090909090909090909090909
09090909090909090909090909090909090909096060606060606060606060606060090909606060606060606009090909606060606060606060606009090909090909090909090909090909090909090909090909090909090909090909090909090909090909090909090909090909090909090909090909090909090909
09090909090909090909090909090909090909096060606060606060606060606060090909606060606060606009090909606060606060606060606009090909090909090909090909090909090909090909090909090909090909090909090909090909090909090909090909090909090909090909090909090909090909
09090909090909090909090909090909090909096060606060606060606060606060090909606060606060606009090909606060606060606060606009090909090909090909090909090909090909090909090909090909090909090909090909090909090909090909090909090909090909090909090909090909090909
09090909090909090909090909090909090909096060606060606060606060606060090909606060606060606009090909606060606060606060606009090909090909090909090909090909090909090909090909090909090909090909090909090909090909090909090909090909090909090909090909090909090909
09090909090909090909090909090909090909096060606060606060606060606060090909606060606060606009090909606060606060606060606009090909090909090909090909090909090909090909090909090909090909090909090909090909090909090909090909090909090909090909090909090909090909
09090909090909090909090909090909090909096060606060606060606060606060090909606060606060606060606060606060606060606060606009090909090909090909090909090909090909090909090909090909090909090909090909090909090909090909090909090909090909090909090909090909090909
09090909090909090909090909090909090909096060606060606060606060606060090909606060606060606060606060606060606060606060606009090909090909090909090909090909090909090909090909090909090909090909090909090909090909090909090909090909090909090909090909090909090909
09090909090909090909090909090909090909090909090909090909090909090909090909606060606060606009090909606060606060606060606009090909090909090909090909090909090909090909090909090909090909090909090909090909090909090909090909090909090909090909090909090909090909
09090909090909090909090909090909090909090909090909090909090909090909090909606060606060606009090909606060606060606060606009090909090909090909090909090909090909090909090909090909090909090909090909090909090909090909090909090909090909090909090909090909090909
09090909090909090909090909090909090909090909090909090909090909090909090909606060606060606009090909606060606060606060606009090909090909090909090909090909090909090909090909090909090909090909090909090909090909090909090909090909090909090909090909090909090909
09090909090909090909090909090909090909090909090909090909090909090909090909606060606060606009090909606060606060606060606009090909090909090909090909090909090909090909090909090909090909090909090909090909090909090909090909090909090909090909090909090909090909
09090909090909090909090909090909090909090909090909090909090909090909090909606060606060606009090909606060606060606060606009090909090909090909090909090909090909090909090909090909090909090909090909090909090909090909090909090909090909090909090909090909090909
09090909090909090909090909090909090909090909090909090909090909090909090909606060606060606009090909606060606060606060606009090909090909090909090909090909090909090909090909090909090909090909090909090909090909090909090909090909090909090909090909090909090909
09090909090909090909090909090909090909090909090909090909090909090909090909606060606060606009090909090909090909090909090909090909090909090909090909090909090909090909090909090909090909090909090909090909090909090909090909090909090909090909090909090909090909
09090909090909090909090909090909090909090909090909090909090909090909090909606060606060606009090909090909090909090909090909090909090909090909090909090909090909090909090909090909090909090909090909090909090909090909090909090909090909090909090909090909090909
09090909090909090909090909090909090909090909090909090909090909090909090909606060606060606009090909090909090909090909090909090909090909090909090909090909090909090909090909090909090909090909090909090909090909090909090909090909090909090909090909090909090909
09090909090909090909090909090909090909090909090909090909090909090909090909606060606060606009090909090909090909090909090909090909090909090909090909090909090909090909090909090909090909090909090909090909090909090909090909090909090909090909090909090909090909
09090909090909090909090909090909090909090909090909090909090909090909090909606060606060606009090909090909090909090909090909090909090909090909090909090909090909090909090909090909090909090909090909090909090909090909090909090909090909090909090909090909090909
09090909090909090909090909090909090909090909090909090909090909090909090909606060606060606009090909090909090909090909090909090909090909090909090909090909090909090909090909090909090909090909090909090909090909090909090909090909090909090909090909090909090909
09090909090909090909090909090909090909090909090909090909090909090909090909606060606060606009090909090909090909090909090909090909090909090909090909090909090909090909090909090909090909090909090909090909090909090909090909090909090909090909090909090909090909
09090909090909090909090909090909090909090909090909090909090909090909090909606060606060606009090909090909090909090909090909090909090909090909090909090909090909090909090909090909090909090909090909090909090909090909090909090909090909090909090909090909090909
09090909090909090909090909090909090909090909090909090909090909090909090909606060606060606009090909090909090909090909090909090909090909090909090909090909090909090909090909090909090909090909090909090909090909090909090909090909090909090909090909090909090909
09090960606060606060606060606060606060606060606060606060606060606060606060606060606060606009090909090909090909090909090909090909090909090909090909090909090909090909090909090909090909090909090909090909090909090909090909090909090909090909090909090909090909
09090960606060606060606060606060606060606060606060606060606060606060606060606060606060606009090909090909090909090909090909090909090909090909090909090909090909090909090909090909090909090909090909090909090909090909090909090909090909090909090909090909090909
09090960606060606060606060606060606060606060606060606060606060606060606060606060606060606009090909090909090909090909090909090909090909090909090909090909090909090909090909090909090909090909090909090909090909090909090909090909090909090909090909090909090909
09090960606060606060606060606060606060606060606060606060606060606060606060606060606060606009090909090909090909090909090909090909090909090909090909090909090909090909090909090909090909090909090909090909090909090909090909090909090909090909090909090909090909
09090960606060606060606060606060606060606060606060606060606060606060606060606060606060606009090909090909090909090909090909090909090909090909090909090909090909090909090909090909090909090909090909090909090909090909090909090909090909090909090909090909090909
09090960606060606060606060606060606060606060606060606060606060606060606060606060606060606009090909090909090909090909090909090909090909090909090909090909090909090909090909090909090909090909090909090909090909090909090909090909090909090909090909090909090909
09090960606060606060606060606060606060606060606060606060606060606060606060606060606060606009090909090909090909090909090909090909090909090909090909090909090909090909090909090909090909090909090909090909090909090909090909090909090909090909090909090909090909
09090909090909090909090909090909090909090909090909090909090909090909090909090909090909090909090909090909090909090909090909090909090909090909090909090909090909090909090909090909090909090909090909090909090909090909090909090909090909090909090909090909090909
09090909090909090909090909090909090909090909090909090909090909090909090909090909090909090909090909090909090909090909090909090909090909090909090909090909090909090909090909090909090909090909090909090909090909090909090909090909090909090909090909090909090909
09090909090909090909090909090909090909090909090909090909090909090909090909090909090909090909090909090909090909090909090909090909090909090909090909090909090909090909090909090909090909090909090909090909090909090909090909090909090909090909090909090909090909
09090909090909090909090909090909090909090909090909090909090909090909090909090909090909090909090909090909090909090909090909090909090909090909090909090909090909090909090909090909090909090909090909090909090909090909090909090909090909090909090909090909090909
09090909090909090909090909090909090909090909090909090909090909090909090909090909090909090909090909090909090909090909090909090909090909090909090909090909090909090909090909090909090909090909090909090909090909090909090909090909090909090909090909090909090909
09090909090909090909090909090909090909090909090909090909090909090909090909090909090909090909090909090909090909090909090909090909090909090909090909090909090909090909090909090909090909090909090909090909090909090909090909090909090909090909090909090909090909
09090909090909090909090909090909090909090909090909090909090909090909090909090909090909090909090909090909090909090909090909090909090909090909090909090909090909090909090909090909090909090909090909090909090909090909090909090909090909090909090909090909090909
09090909090909090909090909090909090909090909090909090909090909090909090909090909090909090909090909090909090909090909090909090909090909090909090909090909090909090909090909090909090909090909090909090909090909090909090909090909090909090909090909090909090909
09090909090909090909090909090909090909090909090909090909090909090909090909090909090909090909090909090909090909090909090909090909090909090909090909090909090909090909090909090909090909090909090909090909090909090909090909090909090909090909090909090909090909
09090909090909090909090909090909090909090909090909090909090909090909090909090909090909090909090909090909090909090909090909090909090909090909090909090909090909090909090909090909090909090909090909090909090909090909090909090909090909090909090909090909090909
09090909090909090909090909090909090909090909090909090909090909090909090909090909090909090909090909090909090909090909090909090909090909090909090909090909090909090909090909090909090909090909090909090909090909090909090909090909090909090909090909090909090909
09090909090909090909090909090909090909090909090909090909090909090909090909090909090909090909090909090909090909090909090909090909090909090909090909090909090909090909090909090909090909090909090909090909090909090909090909090909090909090909090909090909090909
09090909090909090909090909090909090909090909090909090909090909090909090909090909090909090909090909090909090909090909090909090909090909090909090909090909090909090909090909090909090909090909090909090909090909090909090909090909090909090909090909090909090909
09090909090909090909090909090909090909090909090909090909090909090909090909090909090909090909090909090909090909090909090909090909090909090909090909090909090909090909090909090909090909090909090909090909090909090909090909090909090909090909090909090909090909
09090909090909090909090909090909090909090909090909090909090909090909090909090909090909090909090909090909090909090909090909090909090909090909090909090909090909090909090909090909090909090909090909090909090909090909090909090909090909090909090909090909090909
09090909090909090909090909090909090909090909090909090909090909090909090909090909090909090909090909090909090909090909090909090909090909090909090909090909090909090909090909090909090909090909090909090909090909090909090909090909090909090909090909090909090909
09090909090909090909090909090909090909090909090909090909090909090909090909090909090909090909090909090909090909090909090909090909090909090909090909090909090909090909090909090909090909090909090909090909090909090909090909090909090909090909090909090909090909
09090909090909090909090909090909090909090909090909090909090909090909090909090909090909090909090909090909090909090909090909090909090909090909090909090909090909090909090909090909090909090909090909090909090909090909090909090909090909090909090909090909090909
09090909090909090909090909090909090909090909090909090909090909090909090909090909090909090909090909090909090909090909090909090909090909090909090909090909090909090909090909090909090909090909090909090909090909090909090909090909090909090909090909090909090909
09090909090909090909090909090909090909090909090909090909090909090909090909090909090909090909090909090909090909090909090909090909090909090909090909090909090909090909090909090909090909090909090909090909090909090909090909090909090909090909090909090909090909
09090909090909090909090909090909090909090909090909090909090909090909090909090909090909090909090909090909090909090909090909090909090909090909090909090909090909090909090909090909090909090909090909090909090909090909090909090909090909090909090909090909090909
09090909090909090909090909090909090909090909090909090909090909090909090909090909090909090909090909090909090909090909090909090909090909090909090909090909090909090909090909090909090909090909090909090909090909090909090909090909090909090909090909090909090909
09090909090909090909090909090909090909090909090909090909090909090909090909090909090909090909090909090909090909090909090909090909090909090909090909090909090909090909090909090909090909090909090909090909090909090909090909090909090909090909090909090909090909
@dung_keep1+224+160+dung_keep2+1806+159+dung_keep3+1870+160+dung_keep4+377+538+dung_keep4+378+970+dung_keep4+378+1403+dung_keep5+1435+538+dung_keep5+1435+970+dung_keep5+1435+1402+bed_house+674+2089+table_library+778+2382+chair_front+797+2360+chair_left+855+2391+chair_right+745+2385+outcast_box1+1044+2104+outcast_box1+1002+2099+outcast_box2+1006+2132+outcast_box2+958+2107+wine+1040+2138+dresser+758+2064+bookshelf+851+2063+keep_stair+95+3153+