40+30!
09090909090909090909090909090909090909090909090909090909090909090909090909090909
09090909090909090909090909090909090909090909090909090909090909090909090909090909
09090909090909090909090909090909090909090909090909090909090909090909090909090909
09090909090909090909090909090909090909090909090909090909090909090909090909090909
09090909090909090909090909090909090909090909090909090909090909090909090909090909
09090909090909090909090909090909090909090909090909090909090909090909090909090909
09090909090909090909090909090909096363636363090909090909090909090909090909090909
09090909090909090909090909626262626464646464626262620909090909090909090909090909
09090909090909090909096262626262626262626262626262626262090909090909090909090909
09090909090909090909626262626262626262626262626262626262620909090909090909090909
09090909090909090962626262626262626262626262626262626262626209090909090909090909
09090909090909090962626262626262626262626262626262626262626209090909090909090909
09090909090909090962626262626262626262626262626262626262626209090909090909090909
09090909090909090962626262626262626262626262626262626262626209090909090909090909
09090909090909090962626262626262626262626262626262626262626209090909090909090909
09090909090909090962626262626262626262626262626262626262626209090909090909090909
09090909090909090962626262626262626262626262626262626262626209090909090909090909
09090909090909090962626262626262626262626262626262626262626209090909090909090909
09090909090909090962626262626262626262626262626262626262626209090909090909090909
09090909090909090962626262626262626262626262626262626262626209090909090909090909
09090909090909090909626262626262626262626262626262626262620909090909090909090909
09090909090909090909096262626262626262626262626262626262090909090909090909090909
09090909090909090909090962626262626262626262626262626209090909090909090909090909
09090909090909090909090909096262626262626262626262090909090909090909090909090909
09090909090909090909090909090909096262626262090909090909090909090909090909090909
09090909090909090909090909090909096262626262090909090909090909090909090909090909
09090909090909090909090909090909096262626262090909090909090909090909090909090909
09090909090909090909090909090909096262626262090909090909090909090909090909090909
09090909090909090909090909090909090909090909090909090909090909090909090909090909
09090909090909090909090909090909090909090909090909090909090909090909090909090909
@chest+735+226+column+611+500+column+770+496+column+449+497+