127+127!
09090909090909090909090909090909090909090909090909090909090909090909090909090909090909090909090909090909090909090909090909090909090909090909090909090909090909090909090909090909090909090909090909090909090909090909090909090909090909090909090909090909090909
09090909090909090909090909090909090909090909090909090909090909090909090909090909090909090909090909090909090909090909090909090909090909090909090909090909090909090909090909090909090909090909090909090909090909090909090909090909090909090909090909090909090909
09090909090909090909090909090909090909090909090909090909090909090909090909090909090909090909090909090909090909090909090909090909090909090909090909090909090909090909090909090909090909090909090909090909090909090909090909090909090909090909090909090909090909
09090909090909090909090909090909090909090909090909090909090909090909090909090909090909090909090909090909090909090909090909090909090909090909090909090909090909090909090909090909090909090909090909090909090909090909090909090909090909090909090909090909090909
09090909090909090909090909090909090909090909090909090909090909090909090909090909090909090909090909090909090909090909090909090909090909090909090909090909090909090909090909090909090909090909090909090909090909090909090909090909090909090909090909090909090909
09090909090909090909090909090909090909090909090909090909090909090909090909090909090909090909090909090909090909090909090909090909090909090909090909090909090909090909090909090909090909090909090909090909090909090909090909090909090909090909090909090909090909
09090909090909090909090909090909090909090909090909090909090909090909090909090909090909090909090909090909090909090909090909090909090909090909090909090909090909090909090909090909090909090909090909090909090909090909090909090909090909090909090909090909090909
09090909090909090909090909090909090909090909090909090909090909090909090909090909090909090909090909090909090909090909090909090909090909090909090909090909090909090909090909090909090909090909090909090909090909090909090909090909090909090909090909090909090909
09090909090909090909090909090909090909090909090909090909090909090909090909090909090909090909090909090909090909090909090909090909090909090909090909090909090909090962626262626262626262626262626262626262626262626262626262090909090909090909090909090909090909
09090909090909090909090909090909090909090909090909090909090909090909090909090909090909090909090909090909090909090909090909090909090909090909090909090909090909090962626262626262626262626262626262626262626262626262626262090909090909090909090909090909090909
09090909090909090909090909090909090909090909090909090909090909090909090909090909090909090909090909090909090909090909090909090909090909090909090909090909090909090962626262626262626262626262626262626262626262626262626262090909090909090909090909090909090909
09090909090909090909090909090909090909090909090909090909090909090909090909090909090909090909090909090909090909090909090909090909090909090909090909090909090909090962626262626262626262626262626262626262626262626262626262090909090909090909090909090909090909
09090909090909090909090909090909090909090909090909090909090909090909090909090909090909090909090909090909090909090909090909090909090909090909090909090909090909090962626262090909090909090909090909090909090909090962626262090909090909090909090909090909090909
09090909090909090909090909090909090909090909090909090909090909090909090909090909090909090909090909090909090909090909090909090909090909090909090909090909090909090962626262090909090909090909090909090909090909090962626262090909090909090909090909090909090909
09090909090909090909090909090909090909090909090909090909090909090909090909090909090909090909090909090909090909090909090909090909090909090909090909090909090909090962626262090909090909090909090909090909090909090962626262090909090909090909090909090909090909
09090909090909090909090909090909090909090909090909090909090909090909090909090909090909090909090909090909090909626262626262626262626262090909090909090909090909090962626262090909090909090909090909090909090909090962626262090909090909090909090909090909090909
09090909090909090909090909090909090909090909090909090909090909090909090909090909090909090909090909090909090909626262626262626262626262090909090909090909090909090962626262090909090909090909090909090909090909090962626262090909090909090909090909090909090909
09090909090909090909090909090909090909090909090909090909090909090909090909090909090909090909090909090909090909626262626262626262626262090909090909090909090909090962626262090909090909090909090909090909090909090962626262090909090909090909090909090909090909
09090909090909090909090909090909090909090909090909090909090909090909090909090909090909090909090909090909090909626262626262626262626262090909090909090909090909090962626262090909090909090909090909090909090909090962626262090909090909090909090909090909090909
09090909090909090909090909090909090909090909090909090909090909090909090909090909090909090909090909090909090909626262626262626262626262090909090909090909090909090962626262090909090909090909090909090909090909090962626262090909090909090909090909090909090909
09090909090909090909090909090909090909090909090909090909090909090909090909090909090909090909090909090909090909626262626262626262626262090909090909090909090909090962626262090909090909090909090909090909090909090962626262090909090909090909090909090909090909
09090909090909090909090909090909090909090909090909090909090909090909090909090909090909090909090909090909090909626262626262626262626262090909090909090909090909090962626262090909090909090909090909090909090909090962626262090909090909090909090909090909090909
09090909090909090909090909090909090909090909090909090909090909090909090909090909090909090909090909090909090909090909090909626209090909090909090909090909090909090962626262090909090909090909090909090909090909090962626262090909090909090909090909090909090909
09090909090909090909090909090909090909090909090909090909090909090909090909090909090909090909090909090909090909090909090909626209090909090909090909090909090909090962626262090909090909090909090909090909090909090962626262090909090909090909090909090909090909
09090909090909090909090909090909090909090909090909090909090909090909090909090909090909090909090909090909090909090909090909626209090909090909090909090909090909090962626262090909090909090909090909090909090909090962626262090909090909626262626262626209090909
09090909090909090909090909090909090909090909090909090909090909090909090909090909090909090909090909090909090909090909090909626209090909090909090909090909090909090962626262090909090909090909090909090909090909090962626262090909090909626262626262626209090909
09090909090909090909090909090909090909090909090909090909090909090909090909090909090909090909626262626262626262626262626262626262626262626262626262626262626262626262626262626262626262626262626262626262090909090962626262090909090909626262626262626209090909
09090909090909090909090909090909090909090909090909090909090909090909090909090909090909090909626262626262626262626262626262626262626262626262626262626262626262626262626262626262626262626262626262626262090909090962626262090909090909626262626262626209090909
09090909090909090909090909090909090909090909090909090909090909090909090909090909090909090909626262626262626262626262626262626262626262626262626262626262626262626262626262626262626262626262626262626262090909090962626262626262626262626262626262626209090909
09090909090909090909090909090909090909090909090909090909090909090909090909090909090909090909626262626262626262626262626262626262626262626262626262626262626262626262626262626262626262626262626262626262090909090962626262626262626262626262626262626209090909
09090909090909090909090909090909090909090909090909090909090909090909090909090909090909090909626262620909090909090909090909090909090909090909090909090909090909090909090909090909090909090909090962626262090909090962626262090909090909626262626262626209090909
09090909090909090909090909090909090909090909090909090909090909090909090909090909090909090909626262620909090909090909090909090909090909090909090909090909090909090909090909090909090909090909090962626262090909090962626262090909090909626262626262626209090909
09090909090909090909090909090909090909090909090909090909090909090909090909090909090909090909626262620909090909090909090909090909090909090909090909090909090909090909090909090909090909090909090962626262090909090962626262090909090909626262626262626209090909
09626262626262626262626262626262626262626262626262626262626262626262626262626262626262626262626262620909090909090909090909090909090909090909090909090909090909090909090909090909090909090909090962626262090909090962626262090909090909626262626262626209090909
09626262626262626262626262626262626262626262626262626262626262626262626262626262626262626262626262626262626262626262626262626262626262626262626262626262626262626262626262626262626262626262626262626262090909090962626262090909090909090909090909090909090909
09626262626262626262626262626262626262626262626262626262626262626262626262626262626262626262626262626262626262626262626262626262626262626262626262626262626262626262626262626262626262626262626262626262090909090962626262090909090909090909090909090909090909
09626262626262626262626262626262626262626262626262626262626262626262626262626262626262626262626262626262626262626262626262626262626262626262626262626262626262626262626262626262626262626262626262626262090909090962626262090909090909090909090909090909090909
09626262626262626262626262626262626262626262626262626262626262626262626262626262626262626262626262626262626262626262626262626262626262626262626262626262626262626262626262626262626262626262626262626262090909090962626262090909090909090909090909090909090909
09626262626262626262626262626262626262626262626262626262626262626262626262626262626262626262626262626262626262626262626262626262626262626262626262626262626262626262626262626262626262626262626262626262090909090962626262090909090909090909090909090909090909
09626262626262626262626262626262626262626262626262626262626262626262626262626262626262626262626262620909090909090909090909090909090909090909090909090909090909090909090909090909090909090909090962626262090909090962626262090909090909090909090909090909090909
09090909090909090909090909090909090909090909090909090909090909090909090909090909090909090909626262620909090909090909090909090909090909090909090909090909090909090909090909090909090909090909090962626262090909090962626262090909090909090909090909090909090909
09090909090909090909090909090909090909090909090909090909090909090909090909090909090909090909626262620909090909090909090909090909090909090909090909090909090909090909090909090909090909090909090962626262090909090962626262090909090909090909090909090909090909
09090909090909090909090909090909090909090909090909090909090909090909090909090909090909090909626262620909090909090909090909090909090909090909090909090909090909090909090909090909090909090909090962626262090909090962626262090909090909090909090909090909090909
09090909090909090909090909090909090909090909090909090909090909090909090909090909090909090909626262626262626262626262626262626262626262626262626262626262626262626262626262626262626262090909090962626262090909090962626262090909090909090909090909090909090909
09090909090909090909090909090909090909090909090909090909090909090909090909090909090909090909626262626262626262626262626262626262626262626262626262626262626262626262626262626262626262090909090962626262090909090962626262090909090909090909090909090909090909
09090909090909090909090909090909090909090909090909090909090909090909090909090909090909090909626262626262626262626262626262626262626262626262626262626262626262626262626262626262626262090909090962626262090909090962626262090909090909090909090909090909090909
09090909090909090909090909090909090909090909090909090909090909090909090909090909090909090909626262626262626262626262626262626262626262626262626262626262626262626262626262626262626262090909090962626262090909090962626262090909090909090962626262626262626209
09090909090909090909090909090909090909090909090909090909090909090909090909090909090909090909090909090909090909090909090909090909090909090909090909090909090909090909090909090962626262090909090962626262090909090962626262090909090909090962626262626262626209
09090909090909090909090909090909090909090909090909090909090909090909090909090909090909090909090909090909090909090909090909090909090909090909090909090909090909090909090909090962626262090909090962626262090909090962626262090909090909090962626262626262626209
09090909090909090909090909090909090909090909090909090909090909090909090909090909090909090909090909090909090909090909090909090909090909090909090909090909090909090909090909090962626262090909090962626262090909090962626262090909090909090962626262626262626209
09090909090909090909090909090909090909090909090909090909090909090909090909090909090909090909090909090909090909090909090909090909090909090909090909090909090909090909090909090962626262090909090962626262090909090962626262090909090909090962626262090909090909
09090909090909090909090909090909090909090909090909090909090909090909090909090909090909090909090909090909090909090909090909090909090909090909090909090909090909090909090909090962626262090909090962626262090909090962626262090909090909090962626262090909090909
09090909090909090909090909090909090909090909090909090909090909090909090909090909090909090909090909090909090909090909090909090909090909090909090909090909090909090909090909090962626262090909090962626262090909090962626262090909090909090962626262090909090909
09090909090909090909090909090909090909090909090909090909090909090909090909090909090909090909090909090909090909090909090909090909090909090909090909090909090909090909090909090962626262090909090962626262090909090962626262090909090909090962626262090909090909
09090909090909090909090909090909090909090909090909090909090909090909090909090909090909090909090909090909090909090909090909090909090909090909090909090909090909090909090909090962626262090909090962626262090909090962626262090909090909090962626262090909090909
09090909090909090909090909090909090909090909090909090909090909090909090909090909090909090909090909090909090909090909090909090909090909090909090909090909090909090909090909090962626262090909090962626262090909090962626262090909090909090962626262090909090909
09090909090909090909090909090909090909090909090909090909090909090909090909090909090909090909090909090909090909090909090909090909090909090909090909090909090909090909090909090962626262090909090962626262090909090962626262090909090909090962626262090909090909
09090909090909090909090909090909090909090909090909090909090909090909090909090909090909090909090909090909090909090909090909090909090909090909090909090909090909090909090909090962626262090909090962626262090909090962626262090909090909090962626262090909090909
09090909090909090909090909090909090909090909090909090909090909090909090909090909090909090909090909090909090909090909090909090909090909090909090909090909090909090909090909090962626262090909090962626262090909090962626262090909090909090962626262090909090909
09090909090909090909090909090909090909090909090909090909090909090909090909090909090909090909090909090909090909090909090909090909090909090909090909090909090909090909090909090962626262090909090962626262090909090962626262090909090909090962626262090909090909
09090909090909090909090909090909090909090909090909090909090909090909090909090909090909090909090909090909090909090909090909090909090909090909090909090909090909090909090909090962626262090909090962626262090909090962626262090909090909090962626262090909090909
09090909090909090909090909090909090909090909090909090909090909090909090909090909090909090909090909090909090909090909090909090909090909090909090909090909090909090909090909090962626262090909090962626262090909090962626262090909090909090962626262090909090909
09090909090909090909090909090909090909090909090909090909090909090909090909090909090909090909090909090909090909090909090909090909090909090909090909090909090909090909090909090962626262090909090962626262090909090962626262090909090909090962626262090909090909
09090909090909090909090909090909090909090909090909090909090909090909090909090909090909090909090909090909090909090909090909090909090909090909090909090909090909090909090909090962626262090909090962626262090909090962626262090909090909090962626262090909090909
09090909090909090909090909090909090909090909090909090909090909090909090909090909090909090909090909090909090909090909090909090909090909090909090909090909090909090909090909090962626262626262626262626262626262626262626262090909090909090962626262090909090909
09090909090909090909090909090909090909090909090909090909090909090909090909090909090909090909090909090909090909090909090909090909090909090909090909090909090909090909090909090962626262626262626262626262626262626262626262090909090909090962626262090909090909
09090909090909090909090909090909090909090909090909090909090909090909090909090909090909090909090909090909090909090909090909090909090909090909090909090909090909090909090909090962626262626262626262626262626262626262626262090909090909090962626262090909090909
09090909090909090909090909090909090909090909090909090909090909090909090909090909090909090909090909090909090909090909090909090909090909090909090909090909090909090909090909090962626262626262626262626262626262626262626262090909090909090962626262090909090909
09090909090909090909090909090909090909090909090909090909090909090909090909090909090909090909090909090909090909090909090909090909090909090909090909090909090909090909090909090909090909090909090962626262090909090909090909090909090909090962626262090909090909
09090909090909090909090909090909090909090909090909090909090909090909090909090909090909090909090909090909090909090909090909090909090909090909090909090909090909090909090909090909090909090909090962626262090909090909090909090909090909090962626262090909090909
09090909090909090909090909090909090909090909090909090909090909090909090909090909090909090909090909090909090909090909090909090909090909090909090909090909090909090909090909090909090909090909090962626262090909090909090909090909090909090962626262090909090909
09090909090909090909090909090909090909090909090909090909090909090909090909090909090909090909090909090909090909090909090909090909090909090909090909090909090909090909090909090909090909090909090962626262090909090909090909090909090909090962626262090909090909
09090909090909090909090909090909090909090909090909090909090909090909090909090909090909090909090909090909090909090909090909090909090909090909090909090909090909090909090909090909090909090909090962626262090909090909090909090909090909090962626262090909090909
09090909090909090909090909090909090909090909090909090909090909090909090909090909090909090909090909090909090909090909090909090909090909090909090909090909090909090909090909090909090909090909090962626262090909090909090909090909090909090962626262090909090909
09090909090909090909090909090909090909090909090909090909090909090909090909090909090909090909090909090909090909090909090909090909090909090909090909090909090909090909090909090909090909090909090962626262090909090909090909090909090909090962626262090909090909
09090909090909090909090909090909090909090909090909090909090909090909090909090909090909090909090909090909090909090909090909090909090909090909090909090909090909090909090909090909090909090909090962626262090909090909090909090909090909090962626262090909090909
09090909090909090909090909090909090909090909090909090909090909090909090909090909090909090909090909090909090909090909090909090909090909090909090909090909090909090909090909090909090909090909090962626262090909090909090909090909090909090962626262090909090909
09090909090909090909090909090909090909090909090909090909090909090909090909090909090909090909090909090909090909090909090909090909090909090909090909090909090909090909090909090909090909090909090962626262090909090909090909090909090909090962626262090909090909
09090909090909090909090909090909090909090909090909090909090909090909090909090909090909090909090909090909090909090909090909090909090909090909090909090909090909090909090909090909090909090909090962626262090909090909090909090909090909090962626262090909090909
09090909090909090909090909090909090909090909090909090909090909090909090909090909090909090909090909090909090909090909090909090909090909090909090909090909090909090909090909090909090909090909090962626262090909090909090909090909090909090962626262090909090909
09090909090909090909090909090909090909090909090909090909090909090909090909090909090909090909090909090909090909090909090909090909090909090909090909090909090909090909090909090909090909090909090962626262090909090909090909090909090909090962626262090909090909
09090909090909090909090909090909090909090909090909090909090909090909090909090909090909090909090909090909090909090909090909090909090909090909090909090909090909090909090909090909090909090909090962626262090909090909090909090909090909090962626262090909090909
09090909090909090909090909090909090909090909090909090909090909090909090909090909090909090909090909090909090909090909090909090909090909090909090909090909090909090909090909090909090909090909090962626262626262626262626262626262626262626262626262090909090909
09090909090909090909090909090909090909090909090909090909090909090909090909090909090909090909090909090909090909090909090909090909090909090909090909090909090909090909090909090909090909090909090962626262626262626262626262626262626262626262626262090909090909
09090909090909090909090909090909090909090909090909090909090909090909090909090909090909090909090909090909090909090909090909090909090909090909090909090909090909090909090909090909090909090909090962626262626262626262626262626262626262626262626262090909090909
09090909090909090909090909090909090909090909090909090909090909090909090909090909090909090909090909090909090909090909090909090909090909090909090909090909090909090909090909090909090909090909090962626262626262626262626262626262626262626262626262090909090909
09090909090909090909090909090909090909090909090909090909090909090909090909090909090909090909090909090909090909090909090909090909090909090909090909090909090909090909090909090909090909090909090909090909090909090909090909090909090909090909090909090909090909
09090909090909090909090909090909090909090909090909090909090909090909090909090909090909090909090909090909090909090909090909090909090909090909090909090909090909090909090909090909090909090909090909090909090909090909090909090909090909090909090909090909090909
09090909090909090909090909090909090909090909090909090909090909090909090909090909090909090909090909090909090909090909090909090909090909090909090909090909090909090909090909090909090909090909090909090909090909090909090909090909090909090909090909090909090909
09090909090909090909090909090909090909090909090909090909090909090909090909090909090909090909090909090909090909090909090909090909090909090909090909090909090909090909090909090909090909090909090909090909090909090909090909090909090909090909090909090909090909
09090909090909090909090909090909090909090909090909090909090909090909090909090909090909090909090909090909090909090909090909090909090909090909090909090909090909090909090909090909090909090909090909090909090909090909090909090909090909090909090909090909090909
09090909090909090909090909090909090909090909090909090909090909090909090909090909090909090909090909090909090909090909090909090909090909090909090909090909090909090909090909090909090909090909090909090909090909090909090909090909090909090909090909090909090909
09090909090909090909090909090909090909090909090909090909090909090909090909090909090909090909090909090909090909090909090909090909090909090909090909090909090909090909090909090909090909090909090909090909090909090909090909090909090909090909090909090909090909
09090909090909090909090909090909090909090909090909090909090909090909090909090909090909090909090909090909090909090909090909090909090909090909090909090909090909090909090909090909090909090909090909090909090909090909090909090909090909090909090909090909090909
09090909090909090909090909090909090909090909090909090909090909090909090909090909090909090909090909090909090909090909090909090909090909090909090909090909090909090909090909090909090909090909090909090909090909090909090909090909090909090909090909090909090909
09090909090909090909090909090909090909090909090909090909090909090909090909090909090909090909090909090909090909090909090909090909090909090909090909090909090909090909090909090909090909090909090909090909090909090909090909090909090909090909090909090909090909
09090909090909090909090909090909090909090909090909090909090909090909090909090909090909090909090909090909090909090909090909090909090909090909090909090909090909090909090909090909090909090909090909090909090909090909090909090909090909090909090909090909090909
09090909090909090909090909090909090909090909090909090909090909090909090909090909090909090909090909090909090909090909090909090909090909090909090909090909090909090909090909090909090909090909090909090909090909090909090909090909090909090909090909090909090909
09090909090909090909090909090909090909090909090909090909090909090909090909090909090909090909090909090909090909090909090909090909090909090909090909090909090909090909090909090909090909090909090909090909090909090909090909090909090909090909090909090909090909
09090909090909090909090909090909090909090909090909090909090909090909090909090909090909090909090909090909090909090909090909090909090909090909090909090909090909090909090909090909090909090909090909090909090909090909090909090909090909090909090909090909090909
09090909090909090909090909090909090909090909090909090909090909090909090909090909090909090909090909090909090909090909090909090909090909090909090909090909090909090909090909090909090909090909090909090909090909090909090909090909090909090909090909090909090909
09090909090909090909090909090909090909090909090909090909090909090909090909090909090909090909090909090909090909090909090909090909090909090909090909090909090909090909090909090909090909090909090909090909090909090909090909090909090909090909090909090909090909
09090909090909090909090909090909090909090909090909090909090909090909090909090909090909090909090909090909090909090909090909090909090909090909090909090909090909090909090909090909090909090909090909090909090909090909090909090909090909090909090909090909090909
09090909090909090909090909090909090909090909090909090909090909090909090909090909090909090909090909090909090909090909090909090909090909090909090909090909090909090909090909090909090909090909090909090909090909090909090909090909090909090909090909090909090909
09090909090909090909090909090909090909090909090909090909090909090909090909090909090909090909090909090909090909090909090909090909090909090909090909090909090909090909090909090909090909090909090909090909090909090909090909090909090909090909090909090909090909
09090909090909090909090909090909090909090909090909090909090909090909090909090909090909090909090909090909090909090909090909090909090909090909090909090909090909090909090909090909090909090909090909090909090909090909090909090909090909090909090909090909090909
09090909090909090909090909090909090909090909090909090909090909090909090909090909090909090909090909090909090909090909090909090909090909090909090909090909090909090909090909090909090909090909090909090909090909090909090909090909090909090909090909090909090909
09090909090909090909090909090909090909090909090909090909090909090909090909090909090909090909090909090909090909090909090909090909090909090909090909090909090909090909090909090909090909090909090909090909090909090909090909090909090909090909090909090909090909
09090909090909090909090909090909090909090909090909090909090909090909090909090909090909090909090909090909090909090909090909090909090909090909090909090909090909090909090909090909090909090909090909090909090909090909090909090909090909090909090909090909090909
09090909090909090909090909090909090909090909090909090909090909090909090909090909090909090909090909090909090909090909090909090909090909090909090909090909090909090909090909090909090909090909090909090909090909090909090909090909090909090909090909090909090909
09090909090909090909090909090909090909090909090909090909090909090909090909090909090909090909090909090909090909090909090909090909090909090909090909090909090909090909090909090909090909090909090909090909090909090909090909090909090909090909090909090909090909
09090909090909090909090909090909090909090909090909090909090909090909090909090909090909090909090909090909090909090909090909090909090909090909090909090909090909090909090909090909090909090909090909090909090909090909090909090909090909090909090909090909090909
09090909090909090909090909090909090909090909090909090909090909090909090909090909090909090909090909090909090909090909090909090909090909090909090909090909090909090909090909090909090909090909090909090909090909090909090909090909090909090909090909090909090909
09090909090909090909090909090909090909090909090909090909090909090909090909090909090909090909090909090909090909090909090909090909090909090909090909090909090909090909090909090909090909090909090909090909090909090909090909090909090909090909090909090909090909
09090909090909090909090909090909090909090909090909090909090909090909090909090909090909090909090909090909090909090909090909090909090909090909090909090909090909090909090909090909090909090909090909090909090909090909090909090909090909090909090909090909090909
09090909090909090909090909090909090909090909090909090909090909090909090909090909090909090909090909090909090909090909090909090909090909090909090909090909090909090909090909090909090909090909090909090909090909090909090909090909090909090909090909090909090909
09090909090909090909090909090909090909090909090909090909090909090909090909090909090909090909090909090909090909090909090909090909090909090909090909090909090909090909090909090909090909090909090909090909090909090909090909090909090909090909090909090909090909
09090909090909090909090909090909090909090909090909090909090909090909090909090909090909090909090909090909090909090909090909090909090909090909090909090909090909090909090909090909090909090909090909090909090909090909090909090909090909090909090909090909090909
09090909090909090909090909090909090909090909090909090909090909090909090909090909090909090909090909090909090909090909090909090909090909090909090909090909090909090909090909090909090909090909090909090909090909090909090909090909090909090909090909090909090909
09090909090909090909090909090909090909090909090909090909090909090909090909090909090909090909090909090909090909090909090909090909090909090909090909090909090909090909090909090909090909090909090909090909090909090909090909090909090909090909090909090909090909
09090909090909090909090909090909090909090909090909090909090909090909090909090909090909090909090909090909090909090909090909090909090909090909090909090909090909090909090909090909090909090909090909090909090909090909090909090909090909090909090909090909090909
09090909090909090909090909090909090909090909090909090909090909090909090909090909090909090909090909090909090909090909090909090909090909090909090909090909090909090909090909090909090909090909090909090909090909090909090909090909090909090909090909090909090909
09090909090909090909090909090909090909090909090909090909090909090909090909090909090909090909090909090909090909090909090909090909090909090909090909090909090909090909090909090909090909090909090909090909090909090909090909090909090909090909090909090909090909
09090909090909090909090909090909090909090909090909090909090909090909090909090909090909090909090909090909090909090909090909090909090909090909090909090909090909090909090909090909090909090909090909090909090909090909090909090909090909090909090909090909090909
09090909090909090909090909090909090909090909090909090909090909090909090909090909090909090909090909090909090909090909090909090909090909090909090909090909090909090909090909090909090909090909090909090909090909090909090909090909090909090909090909090909090909
09090909090909090909090909090909090909090909090909090909090909090909090909090909090909090909090909090909090909090909090909090909090909090909090909090909090909090909090909090909090909090909090909090909090909090909090909090909090909090909090909090909090909
09090909090909090909090909090909090909090909090909090909090909090909090909090909090909090909090909090909090909090909090909090909090909090909090909090909090909090909090909090909090909090909090909090909090909090909090909090909090909090909090909090909090909
@dung_other1+32+945+dung_other2+32+1280+dung_other3+1461+1296+dung_other4+1461+1504+dung_other5+2774+1504+dung_other6+2785+2176+dung_other7+3061+2176+dung_other8+3072+2752+dung_other9+3872+1600+dung_other10+3883+1600+dung_other11+3744+1364+dung_other12+3734+1365+dung_other13+3211+2514+dung_other14+3200+2176+dung_other15+3211+2176+dung_other16+3488+960+dung_other17+3499+960+dung_other18+3670+960+dung_other19+3681+1088+dung_other20+3935+658+dung_other21+3681+658+dung_other22+3498+658+dung_other23+3488+145+dung_other24+2592+145+dung_other25+2581+145+dung_other26+2016+704+dung_other27+2143+370+dung_other28+1760+369+dung_other29+1749+370+dung_other30+1472+704+dung_other31+1461+722+dung_other32+1600+960+dung_other33+1600+1248+dung_other34+2912+1248+dung_other35+3200+384+dung_other36+2720+384+outcast_box1+1789+511+outcast_box1+1832+487+outcast_box1+1839+584+outcast_box1+1904+601+outcast_box1+1784+619+outcast_box1+2048+493+outcast_box1+2099+529+outcast_box1+2101+636+outcast_box1+2046+584+outcast_box2+2030+536+outcast_box2+2056+636+outcast_box2+1782+562+chest+1903+511+chest+3825+843+outcast_box1+3704+786+outcast_box1+3749+811+outcast_box1+3863+778+outcast_box1+3896+859+outcast_box1+3887+989+outcast_box1+3704+1015+outcast_box2+3702+855+outcast_box2+3750+1019+outcast_box2+3855+1020+outcast_box2+3793+782+outcast_box2+3789+976+dung_room_change+4013+1483+!