127+127!
09090909090909090909090909090909090909090909090909090909090909090909090909090909090909090909090909090909090909090909090909090909090909090909090909090909090909090909090909090909090909090909090909090909090909090909090909090909090909090909090909090909090909
09090909090909090960606060606060606060606060606060606060606060606060606060606060606060606060606060606060606060606060606060090909090909090909090909090909090909090909090909090909090909090909090909090909090909090909090909090909090909090909090909090909090909
09090909090909090960606060606060606060606060606060606060606060606060606060606060606060606060606060606060606060606060606060090909090909090909090909090909090909090909090909090909090909090909090909090909090909090909090909090909090909090909090909090909090909
09090909090909090960606060606060606060606060606060606060606060606060606060606060606060606060606060606060606060606060606060090909090909090909090909090909090909090909090909090909090909090909090909090909090909090909090909090909090909090909090909090909090909
09090909090909090960606060606060606060606060606060606060606060606060606060606060606060606060606060606060606060606060606060090909090909090909090909090909090909090909090909090909090909090909090909090909090909090909090909090909090909090909090909090909090909
09090909090909090960606060606060606060606060606060606060606060606060606060606060606060606060606060606060606060606060606060090909090909090909090909090909090909090909090909090909090909090909090909090909090909090909090909090909090909090909090909090909090909
09090909090909090960606060606060606060606060606060606060606060606060606060606060606060606060606060606060606060606060606060090909090909090909090909090909090909090909090909090909090909090909090909090909090909090909090909090909090909090909090909090909090909
09090909090909090960606060606060606060606060606060606060606060606060606060606060606060606060606060606060606060606060606060090909090909090909090909090909090909090909090909090909090909090909090909090909090909090909090909090909090909090909090909090909090909
09090909090909090960606060606060606060606060606060606060606060606060606060606060606060606060606060606060606060606060606060090909090909090909090909090909090909090909090909090909090909090909090909090909090909090909090909090909090909090909090909090909090909
09090909090909090960606060606060606060606060606060606060606060606060606060606060606060606060606060606060606060606060606060090909090909090909090909090909090909090909090909090909090909090909090909090909090909090909090909090909090909090909090909090909090909
09090909090909090960606060606060606060606060606060606060606060606060606060606060606060606060606060606060606060606060606060090909090909090909090909090909090909090909090909090909090909090909090909090909090909090909090909090909090909090909090909090909090909
09090909090909090960606060606060606060606060606060606060606060606060606060606060606060606060606060606060606060606060606060090909090909090909090909090909090909090909090909090909090909090909090909090909090909090909090909090909090909090909090909090909090909
09090909090909090960606060606060606060606060606060606060606060606060606060606060606060606060606060606060606060606060606060090909090909090909090909090909090909090909090909090909090909090909090909090909090909090909090909090909090909090909090909090909090909
09090909090909090960606060606060606060606060606060606060606060606060606060606060606060606060606060606060606060606060606060090909090909090909090909090909090909090909090909090909090909090909090909090909090909090909090909090909090909090909090909090909090909
09090909090909090960606060606060606060606060606060606060606060606060606060606060606060606060606060606060606060606060606060090909090909090909090909090909090909090909090909090909090909090909090909090909090909090909090909090909090909090909090909090909090909
09090909090909090960606060606060606060606060606060606060606060606060606060606060606060606060606060606060606060606060606060090909090909090909090909090909090909090909090909090909090909090909090909090909090909090909090909090909090909090909090909090909090909
09090909090909090960606060606060606060606060606060606060606060606060606060606060606060606060606060606060606060606060606060090909090909090909090909090909090909090909090909090909090909090909090909090909090909090909090909090909090909090909090909090909090909
09090909090909090960606060606060606060606060606060606060606060606060606060606060606060606060606060606060606060606060606060090909090909090909090909090909090909090909090909090909090909090909090909090909090909090909090909090909090909090909090909090909090909
09090909090909090960606060606060606060606060606060606060606060606060606060606060606060606060606060606060606060606060606060090909090909090909090909090909090909090909090909090909090909090909090909090909090909090909090909090909090909090909090909090909090909
09090909090909090960606060606060606060606060606060606060606060606060606060606060606060606060606060606060606060606060606060090909090909090909090909090909090909090909090909090909090909090909090909090909090909090909090909090909090909090909090909090909090909
09090909090909090960606060606060606060606060606060606060606060606060606060606060606060606060606060606060606060606060606060090909090909090909090909090909090909090909090909090909090909090909090909090909090909090909090909090909090909090909090909090909090909
09090909090909090960606060606060606060606060606060606060606060606060606060606060606060606060606060606060606060606060606060090909606060606060606060606060606060606060606060606060606060606060606060606060606060090909090909090909090909090909090909090909090909
09090909090909090960606060606060606060606060606060606060606060606060606060606060606060606060606060606060606060606060606060090909606060606060606060606060606060606060606060606060606060606060606060606060606060090909090909090909090909090909090909090909090909
09090909090909090960606060606060606060606060606060606060606060606060606060606060606060606060606060606060606060606060606060090909606060606060606060606060606060606060606060606060606060606060606060606060606060090909090909090909090909090909090909090909090909
09090909090909090960606060606060606060606060606060606060606060606060606060606060606060606060606060606060606060606060606060090909606060606060606060606060606060606060606060606060606060606060606060606060606060090909090909090909090909090909090909090909090909
09090909090909090960606060606060606060606060606060606060606060606060606060606060606060606060606060606060606060606060606060090909606060606060606060606060606060606060606060606060606060606060606060606060606060090909090909090909090909090909090909090909090909
09090909090909090960606060606060606060606060606060606060606060606060606060606060606060606060606060606060606060606060606060090909606060606060090909090909090909090909090909090909090909090909090909606060606060090909090909090909090909090909090909090909090909
09090909090909090960606060606060606060606060606060606060606060606060606060606060606060606060606060606060606060606060606060090909606060606060090909090909090909090909090909090909090909090909090909606060606060090909090909090909090909090909090909090909090909
09090909090909090960606060606060606060606060606060606060606060606060606060606060606060606060606060606060606060606060606060090909606060606060090909090909090909090909090909090909090909090909090909606060606060090909090909090909090909090909090909090909090909
09090909090909090960606060606060606060606060606060606060606060606060606060606060606060606060606060606060606060606060606060090909606060606060090909090909090909090909090909090909090909090909090909606060606060090909090909090909090909090909090909090909090909
09090909090909090960606060606060606060606060606060606060606060606060606060606060606060606060606060606060606060606060606060090909606060606060090909090909090909090909090909090909090909090909090909606060606060090909090909090909090909090909090909090909090909
09090909090909090960606060606060606060606060606060606060606060606060606060606060606060606060606060606060606060606060606060090909606060606060090909090909090909090909090909090909090909090909090909606060606060090909090909090909090909090909090909090909090909
09090909090909090960606060606060606060606060606060606060606060606060606060606060606060606060606060606060606060606060606060090909606060606060090909090909090909090909090909090909090909090909090909606060606060090909090909090909090909090909090909090909090909
09090909090909090960606060606060606060606060606060606060606060606060606060606060606060606060606060606060606060606060606060090909606060606060090909090909090909090909090909090909090909090909090909606060606060090909090909090909090909090909090909090909090909
09090909090909090960606060606060606060606060606060606060606060606060606060606060606060606060606060606060606060606060606060090909606060606060090909090909090909090909090909090909090909090909090909606060606060090909090909090909090909090909090909090909090909
09090909090909090960606060606060606060606060606060606060606060606060606060606060606060606060606060606060606060606060606060090909606060606060090909090909090909090909090909090909090909090909090909606060606060090909090909090909090909090909090909090909090909
09090909090909090909090909090909090909090909090909090909090909090961616161090909090909090909090909090909090909090909090909090909606060606060090909090909090909090909090909090909090909090909090909606060606060090909090909090909090909090909090909090909090909
09090909090909090909090909090909090909090909090909090909090909090961616161090909090909090909090909090909090909090909090909090909606060606060090909090909090909090909090909090909090909090909090909606060606060090909090909090909090909090909090909090909090909
09090909090909090909090909090909090909090909090909090909090909090961616161090909090909090909090909090909090909090909090909090909606060606060090909090909090909090909090909090909090909090909090909606060606060090909090909090909090909090909090909090909090909
09090909090909090909090909090909090909090909090909090909090909090961616161090909090909090909090909090909090909090909090909090909606060606060090909090909090909090909090909090909090909090909090909606060606060090909090909090909090909090909090909090909090909
09090909090909090909090909090909090909090909090909090909090909090961616161090909090909090909090909090909090909090909090909090909606060606060090909090909090909090909090909090909090909090909090909606060606060090909090909090909090909090909090909090909090909
09090909090909090909090909090909090909090909090909090909090909090961616161090909090909090909090909090909090909090909090909090909606060606060090909090909090909090909090909090909090909090909090909606060606060090909090909090909090909090909090909090909090909
09090909090909090909090909090909090909090909090909090909090909090961616161090909090909090909090909090909090909090909090909090909606060606060090909090909090909090909090909090909090909090909090909606060606060090909090909090909090909090909090909090909090909
09090909090909090909090909090909090909090909090909090909606060606060606060606060606009090909090909090909096060606060606060606060606060606060606060606009090909090909090909090909090909090909090909606060606060090909090909090909090909090909090909090909090909
09090909090909090909090909090909090909090909090909090909606060606060606060606060606009090909090909090909096060606060606060606060606060606060606060606009090909090909090909090909090909090909090909606060606060090909090909090909090909090909090909090909090909
09090909090909090909090909090909090909090909090909090909606060606060606060606060606009090909090909090909096060606060606060606060606060606060606060606009090909090909090909090909090909090909090909606060606060090909090909090909090909090909090909090909090909
09090909090909090909090909090909090909090909090909090909606060606060606060606060606009090909090909090909096060606060606060606060606060606060606060606009090909090909090909090909090909090909090909606060606060090909090909090909090909090909090909090909090909
09090909090909090909090909090909090909090909090909090909606060606060606060606060606009090909090909090909096060606060606060606060606060606060606060606009090909090909090909090909090909090909090909606060606060090909090909090909090909090909090909090909090909
09090909090909090909090909090909090909090909090909090909606060606060606060606060606009090909090909090909096060606060606060606060606060606060606060606009090909090909090909090909090909090909090909606060606060090909090909090909090909090909090909090909090909
09090909090909090909090909090909090909090909090909090909606060606060606060606060606009090909090909090909096060606060606060606060606060606060606060606009090909090909090909090909090909090909090909606060606060090909090909090909090909090909090909090909090909
09090909090909090909090909090909090909090909090909090909606060606060606060606060606009090909090909090909096060606060606060606060606060606060606060606009090909090909090909090909090909090909090909606060606060090909090909090909090909090909090909090909090909
09090909090909090909090909090909090909090909090909090909606060606060606060606060606009090909090909090909096060606060606060606060606060606060606060606009090909090909090909090909090909090909090909606060606060090909090909090909090909090909090909090909090909
09090909090909090909090909090909090909090909090909090909606060606060606060606060606009090909090909090909096060606060606060606060606060606060606060606009090909090909090909090909090909090909090909606060606060090909090909090909090909090909090909090909090909
09090909090909090909090909090909090909090909090909090909606060606060606060606060606009090909090909090909096060606060606060606060606060606060606060606009090909090909090909090909090909090909090909606060606060090909090909090909090909090909090909090909090909
09090909090909090909090909090909090909090909090909090909606060606060606060606060606009090909090909090909096060606060606060606060606060606060606060606009090909090909090909090909090909090909090909606060606060090909090909090909090909090909090909090909090909
09090909090909090909090909090909090909090909090909090909606060606060606060606060606009090909090909090909096060606060606060606060606060606060606060606009090909090909090909090909090909090909090909606060606060090909090909090909090909090909090909090909090909
09090909090909090909090909090909090909090909090909090909606060606060606060606060606009090909090909090909096060606060606060606060606060606060606060606009090909090909090909090909090909090909090909606060606060090909090909090909090909090909090909090909090909
09090909090909090909090909090909090909090909090909090909606060606060606060606060606009090909090909090909096060606060606060606060606060606060606060606009090909090909090909090909090909090909090909606060606060090909090909090909090909090909090909090909090909
09090909090909090909090909090909090909090909090909090909606060606060606060606060606009090909090909090909096060606060606060606060606060606060606060606009090909090909090909090909090909090909090909606060606060090909090909090909090909090909090909090909090909
09090909090909090909090909090909090909090909090909090909606060606060606060606060606009090909090909090909090909090909090909090909090909090909090909090909090909090909090909090909090909090909090909606060606060090909090909090909090909090909090909090909090909
09090909090909090909090909090909090909090909090909090909606060606060606060606060606009090909090909090909090909090909090909090909090909090909090909090909090909090909090909090909090909090909090909606060606060090909090909090909090909090909090909090909090909
09090909090909090909090909090909090909090909090909090909606060606060606060606060606009090909090909090909090909090909090909090909090909090909090909090909090909090909090909090909090909090909090909606060606060090909090909090909090909090909090909090909090909
09090909090909090909090909090909090909090909090909090909606060606060606060606060606009090909090909090909090909090909090909090909090909090909090909090909090909090909090909090909090909090909090909606060606060090909090909090909090909090909090909090909090909
09090909090909090909090909090909090909090909090909090909606060606060606060606060606009090909090909090909090909090909090909090909090909090909090909090909090909090909090909090909090909090909090909606060606060090909090909090909090909090909090909090909090909
09090909090909090909090909090909090909090909090909090909606060606060606060606060606009090909090909090909090909090909090909090909090909090909090909090909090909090909090909090909090909090909090909606060606060090909090909090909090909090909090909090909090909
09090909090909090909090909090909090909090909090909090909606060606060606060606060606009090909090909090909090909090909090909090909090909090909090909090909090909090909090909090909090909090909090909606060606060090909090909090909090909090909090909090909090909
09090909090909090909090909090909090909090909090909090909606060606060606060606060606009090909090909090909090909090909090909090909090909090909090909090909090909090909090909090909090909090909090909606060606060090909090909090909090909090909090909090909090909
09090909090909090909090909090909090909090909090909090909606060606060606060606060606009090909090909090909090909090909090909090909090909090909090909090909090909090909090909090909090909090909090909606060606060090909090909090909090909090909090909090909090909
09090909090909090909090909090909090909090909090909090909606060606060606060606060606009090909090909090909090909090909090909090909090909090909090909090909090909090909090909090909090909090909090909606060606060090909090909090909090909090909090909090909090909
09090909090909090909090909090909090909090909090909090909606060606060606060606060606009090909090909090909090909090909090909090909090909090909090909090909090909090909090909090909090909090909090909606060606060090909090909090909090909090909090909090909090909
09090909090909090909090909090909090909090909090909090909606060606060606060606060606009090909090909090909090909090909090909090909090909090909090909090909090909090909090909090909090909090909090909606060606060090909090909090909090909090909090909090909090909
09090909090909090909090909090909090909090909090909090909606060606060606060606060606009090909090909090909090909090909090909090909090909090909090909090909090909090909090909090909090909090909090909606060606060090909090909090909090909090909090909090909090909
09090909090909090909090909090909090909090909090909090909606060606060606060606060606009090909090909090909090909090909090909090909090909090909090909090909090909090909090909090909090909090909090909606060606060090909090909090909090909090909090909090909090909
09090909090909090909090909090909090909090909090909090909606060606060606060606060606009090909090909090909090909090909090909090909090909090909090909090909090909090909090909090909090909090909090909606060606060090909090909090909090909090909090909090909090909
09090909090909090909090909090909090909090909090909090909606060606060606060606060606009090909090909090909090909090909090909090909090909090909090909090909090909090909090909090909090909090909090909606060606060090909090909090909090909090909090909090909090909
09090909090909090909090909090909090909090909090909090909606060606060606060606060606009090909090909090909090909090909090909090909090909090909090909090909090909090909090909090909090909090909090909606060606060090909090909090909090909090909090909090909090909
09090909090909090909090909090909090909090909090909090909606060606060606060606060606009090909090909090909090909090909090909090909090909090909090909090909090909090909090909090909090909090909090909606060606060090909090909090909090909090909090909090909090909
09090909090909090909090909090909090909090909090909090909606060606060606060606060606009090909090909090909090909090909090909090909090909090909090909090909090909090909090909090909090909090909090909606060606060090909090909090909090909090909090909090909090909
09090909090909090909090909090909090909090909090909090909606060606060606060606060606009090909090909090909090909090909090909090909090909090909090909090909090909090909090909090909090909090909090909606060606060090909090909090909090909090909090909090909090909
09090909090909090909090909090909090909090909090909090909606060606060606060606060606009090909090909090909090909090909090909090909090909090909090909090909090909090909090909090909090909090909090909606060606060090909090909090909090909090909090909090909090909
09090909090909090909090909090909090909090909090909090909606060606060606060606060606009090909090909090909090909090909090909090909090909090909090909090909090909090909090909090909090909090909090909606060606060090909090909090909090909090909090909090909090909
09090909090909090909090909090909090909090909090909090909606060606060606060606060606009090909090909090909090909090909090909090909090909090909090909090909090909090909090909090909090909090909090909606060606060090909090909090909090909090909090909090909090909
09090909090909090909090909090909090909090909090909090909606060606060606060606060606009090909090909090909090909090909090909090909090909090909090909090909090909090909090909090909090909090909090909606060606060090909090909090909090909090909090909090909090909
09606060606060606060606060606060606060606060606060606060606060606060606060606060606060606060606060606060606060606060606060606060606060606060606060606060606060606060606060606060606060606060606060606060606060090909090909090909090909090909090909090909090909
09606060606060606060606060606060606060606060606060606060606060606060606060606060606060606060606060606060606060606060606060606060606060606060606060606060606060606060606060606060606060606060606060606060606060090909090909090909090909090909090909090909090909
09606060606060606060606060606060606060606060606060606060606060606060606060606060606060606060606060606060606060606060606060606060606060606060606060606060606060606060606060606060606060606060606060606060606060090909090909090909090909090909090909090909090909
09606060606060606060606060606060606060606060606060606060606060606060606060606060606060606060606060606060606060606060606060606060606060606060606060606060606060606060606060606060606060606060606060606060606060090909090909090909090909090909090909090909090909
09606060606060606060606060606060606060606060606060606060606060606060606060606060606060606060606060606060606060606060606060606060606060606060606060606060606060606060606060606060606060606060606060606060606060090909090909090909090909090909090909090909090909
09606060606060606060606060606060606060606060606060606060606060606060606060606060606060606060606060606060606060606060606060606060606060606060606060606060606060606060606060606060606060606060606060606060606060090909090909090909090909090909090909090909090909
09090909090909090909090909090909090909090909090909090909090909606060606060606009090909090909090909090909090909090909090909090909090909096060600909090909090909090909090909090909090909090909090909090909090909090909090909090909090909090909090909090909090909
09090909090909090909090909090909090909090909090909090909090909606060606060606009090909090909090909090909090909090909090909090909090909096060600909090909090909090909090909090909090909090909090909090909090909090909090909090909090909090909090909090909090909
09090909090909090909090909090909090909090909090909090909090909606060606060606009090909090909090909090909090909090909090909090909090909096060600909090909090909090909090909090909090909090909090909090909090909090909090909090909090909090909090909090909090909
09090909090909090909090909090909090909090909090909090909090909606060606060606009090909090909090909090909090909090909090909090960606060606060606060606060090909090909090909090909090909090909090909090909090909090909090909090909090909090909090909090909090909
09090909090909090909090909090909090909090909090909090909090909606060606060606009090909090909090909090909090909090909090909090960606060606060606060606060090909090909090909090909090909090909090909090909090909090909090909090909090909090909090909090909090909
09090909090909090909090909090909090909090909090909090909090909606060606060606009090909090909090909090909090909090909090909090960606060606060606060606060090909090909090909090909090909090909090909090909090909090909090909090909090909090909090909090909090909
09090909090909090909090909090909090909090909090909090909090909606060606060606009090909090909090909090909090909090909090909090960606060606060606060606060090909090909090909090909090909090909090909090909090909090909090909090909090909090909090909090909090909
09090909090909090909090909090909090909090909090909090909090909606060606060606009090909090909090909090909090909090909090909090960606060606060606060606060090909090909090909090909090909090909090909090909090909090909090909090909090909090909090909090909090909
09090909090909090909090909090909090909090909090909090909090909606060606060606009090909090909090909090909090909090909090909090960606060606060606060606060090909090909090909090909090909090909090909090909090909090909090909090909090909090909090909090909090909
09090909090909090909090909090909090909090909090909090909090909606060606060606009090909090909090909090909090909090909090909090960606060606060606060606060090909090909090909090909090909090909090909090909090909090909090909090909090909090909090909090909090909
09090909090909090909090909090909090909090909090909090909090909606060606060606009090909090909090909090909090909090909090909090960606060606060606060606060090909090909090909090909090909090909090909090909090909090909090909090909090909090909090909090909090909
09090909090909090909090909090909090909090909090909090909090909606060606060606009090909090909090909090909090909090909090909090960606060606060606060606060090909090909090909090909090909090909090909090909090909090909090909090909090909090909090909090909090909
09090909090909090909090909090909090909090909090909090909090909606060606060606009090909090909090909090909090909090909090909090909090909090909090909090909090909090909090909090909090909090909090909090909090909090909090909090909090909090909090909090909090909
09090909090909090909090909090909090909090909090909090909090909606060606060606009090909090909090909090909090909090909090909090909090909090909090909090909090909090909090909090909090909090909090909090909090909090909090909090909090909090909090909090909090909
09090909090909090909090909090909090909090909090909090909090909606060606060606009090909090909090909090909090909090909090909090909090909090909090909090909090909090909090909090909090909090909090909090909090909090909090909090909090909090909090909090909090909
09090909090909090909090909090909090909090909090909090909090909606060606060606009090909090909090909090909090909090909090909090909090909090909090909090909090909090909090909090909090909090909090909090909090909090909090909090909090909090909090909090909090909
09090909090909090909090909090909090909090909090909090909090909606060606060606009090909090909090909090909090909090909090909090909090909090909090909090909090909090909090909090909090909090909090909090909090909090909090909090909090909090909090909090909090909
09090909090909090909090909090909090909090909090909090909090909606060606060606009090909090909090909090909090909090909090909090909090909090909090909090909090909090909090909090909090909090909090909090909090909090909090909090909090909090909090909090909090909
09090909090909090909090909090909090909090909090909090909090909606060606060606009090909090909090909090909090909090909090909090909090909090909090909090909090909090909090909090909090909090909090909090909090909090909090909090909090909090909090909090909090909
09090909090909090909090909090909090909090909090909090909090909606060606060606009090909090909090909090909090909090909090909090909090909090909090909090909090909090909090909090909090909090909090909090909090909090909090909090909090909090909090909090909090909
09090909090909090909090909090909090909090909090909090909090909606060606060606009090909090909090909090909090909090909090909090909090909090909090909090909090909090909090909090909090909090909090909090909090909090909090909090909090909090909090909090909090909
09090909090909090909090909090909090909090909090909090909090909606060606060606009090909090909090909090909090909090909090909090909090909090909090909090909090909090909090909090909090909090909090909090909090909090909090909090909090909090909090909090909090909
09090909090909090909090909090909090909090909090909090909090909606060606060606009090909090909090909090909090909090909090909090909090909090909090909090909090909090909090909090909090909090909090909090909090909090909090909090909090909090909090909090909090909
09090909090909090909090909090909090909090909090909090909090909606060606060606009090909090909090909090909090909090909090909090909090909090909090909090909090909090909090909090909090909090909090909090909090909090909090909090909090909090909090909090909090909
09090909090909090909090909090909090909090909090909090909090909606060606060606009090909090909090909090909090909090909090909090909090909090909090909090909090909090909090909090909090909090909090909090909090909090909090909090909090909090909090909090909090909
09090909090909090909090909090909090909090909090909090909090909606060606060606009090909090909090909090909090909090909090909090909090909090909090909090909090909090909090909090909090909090909090909090909090909090909090909090909090909090909090909090909090909
09090909090909090909090909090909090909090909090909090909090909606060606060606009090909090909090909090909090909090909090909090909090909090909090909090909090909090909090909090909090909090909090909090909090909090909090909090909090909090909090909090909090909
09090909090909090909090909090909090909090909090909090909090909606060606060606009090909090909090909090909090909090909090909090909090909090909090909090909090909090909090909090909090909090909090909090909090909090909090909090909090909090909090909090909090909
09090909090909090909090909090909090909090909090909090909090909606060606060606009090909090909090909090909090909090909090909090909090909090909090909090909090909090909090909090909090909090909090909090909090909090909090909090909090909090909090909090909090909
09090909090909090909090909090909090909090909090909090909090909606060606060606009090909090909090909090909090909090909090909090909090909090909090909090909090909090909090909090909090909090909090909090909090909090909090909090909090909090909090909090909090909
09090909090909090909090909090909090909090909090909090909090909606060606060606009090909090909090909090909090909090909090909090909090909090909090909090909090909090909090909090909090909090909090909090909090909090909090909090909090909090909090909090909090909
09090909090909090909090909090909090909090909090909090909090909606060606060606009090909090909090909090909090909090909090909090909090909090909090909090909090909090909090909090909090909090909090909090909090909090909090909090909090909090909090909090909090909
09090909090909090909090909090909090909090909090909090909090909606060606060606009090909090909090909090909090909090909090909090909090909090909090909090909090909090909090909090909090909090909090909090909090909090909090909090909090909090909090909090909090909
09090909090909090909090909090909090909090909090909090909090909606060606060606009090909090909090909090909090909090909090909090909090909090909090909090909090909090909090909090909090909090909090909090909090909090909090909090909090909090909090909090909090909
09090909090909090909090909090909090909090909090909090909090909606060606060606009090909090909090909090909090909090909090909090909090909090909090909090909090909090909090909090909090909090909090909090909090909090909090909090909090909090909090909090909090909
09090909090909090909090909090909090909090909090909090909090909606060606060606009090909090909090909090909090909090909090909090909090909090909090909090909090909090909090909090909090909090909090909090909090909090909090909090909090909090909090909090909090909
09090909090909090909090909090909090909090909090909090909090909606060606060606009090909090909090909090909090909090909090909090909090909090909090909090909090909090909090909090909090909090909090909090909090909090909090909090909090909090909090909090909090909
09090909090909090909090909090909090909090909090909090909090909090909090909090909090909090909090909090909090909090909090909090909090909090909090909090909090909090909090909090909090909090909090909090909090909090909090909090909090909090909090909090909090909
@
rock1+55+2643+rock2+56+2684+rock3+91+2696+rock3+65+2723+rock3+105+2743+rock3+84+2770+rock3+57+2792+rock3+81+2813+rock3+36+2657+rock3+29+2697+rock3+40+2737+rock3+31+2780+rock3+36+2816+rock4+27+2685+rock4+34+2731+rock4+31+2762+rock4+73+2750+rock4+90+2708+rock4+25+2718+rock4+12+2796+rock4+19+2744+rock4+18+2779+rock4+74+2823+rock4+45+2818+rock4+87+2787+rock4+13+2652+rock2+57+2713+rock2+54+2752+rock2+50+2796+rock2+13+2679+rock2+31+2713+rock2+100+2738+rock2+100+2679+barrel2+2037+2952+barrel2+2065+2963+barrel2+2033+2984+barrel2+2331+2958+barrel2+2364+2976+barrel2+2330+3016+barrel+2028+3020+outcast_box1+2373+3028+outcast_box1+2041+3109+outcast_box1+2083+3126+outcast_box1+2325+3067+outcast_box1+2362+3123+outcast_box1+2368+3073+outcast_box1+2111+3014+outcast_box1+2143+3014+outcast_box2+2125+3035+outcast_box2+2051+3147+outcast_box2+2099+2955+outcast_box2+2043+3059+outcast_box2+2269+3026+outcast_box2+2302+3132+outcast_box2+2401+2957+outcast_box2+2397+3072+barrel2+2049+3018+barrel2+2275+3083+barrel2+2342+3178+barrel2+2105+3084+barrel2+2100+3193+barrel2+2028+3177+barrel2+2188+3132+barrel2+2243+3178+chest+2137+3153+dining_table+1808+1442+dining_table+1807+1486+dining_table+1808+1535+dining_table+1809+1582+dining_table+1806+1633+dining_table+1808+1698+dining_table+1964+1439+dining_table+1963+1485+dining_table+1964+1529+dining_table+1963+1573+dining_table+1961+1626+dining_table+1963+1674+dining_table+2133+1441+dining_table+2132+1484+dining_table+2131+1532+dining_table+2133+1583+dining_table+2130+1638+dining_table+2130+1692+dining_table+2133+1745+dining_table+1962+1718+dining_table+1806+1747+barrel2+2338+1402+barrel2+2355+1430+barrel2+1722+1410+barrel2+1713+1486+barrel2+1738+1536+barrel2+1714+1842+outcast_box1+2355+1808+outcast_box1+2330+1833+outcast_box2+2298+1415+outcast_box2+1699+1536+wine+1705+1579+wine+2330+1443+wine+2365+1452+