20+20!
0909090909090909090909090909090909090909
0909090909090909090909090909090909090909
0909090909090909090909090909090909090909
0909090909090909090909090909090909090909
0909090909090909090909090909090909090909
0909090902020202020202020202020209090909
0909090902020202020202020202020209090909
0909090902020202020202020202020209090909
0909090902020202020202020202020209090909
0909090902020202020202020202020209090909
0909090902020202020202020202020209090909
0909090902020202020202020202020209090909
0909090902020202020202020202020209090909
0909090909090909090909090909090909090909
0909090909090909090909090909090909090909
0909090909090909090909090909090909090909
0909090909090909090909090909090909090909
0909090909090909090909090909090909090909
0909090909090909090909090909090909090909
0909090909090909090909090909090909090909
@nice_1_2+120+160+nice_1_1+120+80+nice_1_4+315+160+nice_1_5+362+160+nice_1_6+370+208+nice_1_3+128+225+nice_1_7+341+294+nice_1_8+128+294+nice_1_2+512+160+nice_1_9+119+416+oven+132+120+kitchen_stuff+171+123+kitchen_cabinet+214+107+bookshelf+131+285+table_hut+181+182+box+370+153+box+406+151+box+385+132+box+383+162+wine+386+146+barrel+485+151+barrel+456+177+wine_cabinet+405+285+stairs_right+469+260+beer+456+156!
#house12+469+260+420+229!
#world19+307+384+1890+868!