20+20!
0909090909090909090909090909090909090909
0909090909090909090909090909090909090909
0909090909090909090909090909090909090909
0909090909090909090909090909090909090909
0909090902020202020202020202020209090909
0909090902020202020202020202020209090909
0909090902020202020202020202020209090909
0909090902020202020202020202020209090909
0909090902020202020202020202020209090909
0909090902020202020202020202020209090909
0909090902020202020202020202020209090909
0909090902020202020202020202020209090909
0909090909090909090909090909090909090909
0909090909090909090909090909090909090909
0909090909090909090909090909090909090909
0909090909090909090909090909090909090909
0909090909090909090909090909090909090909
0909090909090909090909090909090909090909
0909090909090909090909090909090909090909
0909090909090909090909090909090909090909
@nice_2_2+120+127+nice_2_1+120+46+nice_2_3+128+192+nice_2_2+512+127+nice_2_4+315+126+nice_2_5+362+126+nice_2_6+405+194+nice_2_7+164+253+nice_2_8+285+253+nice_2_9+340+267+nice_2_10+348+267+nice_2_11+120+383+bed_double+439+113+bed_house+408+277+mirror+386+70+fireplace+173+77+portrait+137+76+dresser+442+248+stairs_down_right+467+229!
#house7+467+229+435+260!