30+30!
090909090909090909090909090909090909090909090909090909090909
090909090909090909090909090909090909090909090909090909090909
090909090909090909090909090909090909090909090909090909090909
090909090909090909090909090909090909090909090909090909090909
090909090909090909090909090909090909090909090909090909090909
090909090909090909090909090909090909090909090909090909090909
090909090909090909090909090909090909090909090909090909090909
090909090909090909090909090909090909090909090909090909090909
090909090909090909090909090909090909090909090909090909090909
090909090909090909090909090909090909090909090909090909090909
090909090909096767676767676767676767676709090909090909090909
090909090909096767676767676767676767676709090909090909090909
090909090909096767676767676767676767676709090909090909090909
090909090909096767676767676767676767676709090909090909090909
090909090909096767676767676767676767676709090909090909090909
090909090909096767676767676767676767676709090909090909090909
090909090909090909090909090909096767676709090909090909090909
090909090909090909090909090909096767676709090909090909090909
090909090909090909090909090909096767676709090909090909090909
090909090909090909090909090909090909090909090909090909090909
090909090909090909090909090909090909090909090909090909090909
090909090909090909090909090909090909090909090909090909090909
090909090909090909090909090909090909090909090909090909090909
090909090909090909090909090909090909090909090909090909090909
090909090909090909090909090909090909090909090909090909090909
090909090909090909090909090909090909090909090909090909090909
090909090909090909090909090909090909090909090909090909090909
090909090909090909090909090909090909090909090909090909090909
090909090909090909090909090909090909090909090909090909090909
090909090909090909090909090909090909090909090909090909090909
@shopkeeper+215+249+shop1+411+249+shop2+566+249+shop3+639+337+shop4+511+608+shop5+503+512+shop6+223+512+shop7+215+399+chair_front+485+332+chair_front+279+435+chair_front+599+386+chair_right+567+408+chair_right+463+357+chair_right+242+460+chair_left+515+355+chair_left+310+460+hut_table+474+358+hut_table+584+409+hut_table+259+458+!